|---------------------------------------------------------------------------------------------------------------------------------------------------------------------------|
|      alpha       |      betta       |      ||A||       |    ||A^(-1)||    |      obusl       |      ||z||        |       ksi        |      ||r||       |        p         | |---------------------------------------------------------------------------------------------------------------------------------------------------------------------------|
| 1,0000000000e+00 | 1,0000000000e+01 | 1,8762316275e+02 | 5,5000000000e+01 | 1,0319273951e+04 | 0,0000000000e+00 |0,0000000000e+00 |0,0000000000e+00 |0,0000000000e+00 | 
|---------------------------------------------------------------------------------------------------------------------------------------------------------------------------|
| 1,0000000000e+00 | 1,0000000000e+02 | 2,3717904730e+03 | 5,5000000000e+01 | 1,3044847602e+05 | 0,0000000000e+00 |0,0000000000e+00 |0,0000000000e+00 |0,0000000000e+00 | 
|---------------------------------------------------------------------------------------------------------------------------------------------------------------------------|
| 1,0000000000e+00 | 1,0000000000e+03 | 2,4433522046e+04 | 5,5000000000e+01 | 1,3438437125e+06 | 0,0000000000e+00 |0,0000000000e+00 |0,0000000000e+00 |0,0000000000e+00 | 
|---------------------------------------------------------------------------------------------------------------------------------------------------------------------------|
| 1,0000000000e+00 | 1,0000000000e+04 | 2,4505083778e+05 | 5,5000000000e+01 | 1,3477796078e+07 | 0,0000000000e+00 |0,0000000000e+00 |0,0000000000e+00 |0,0000000000e+00 | 
|---------------------------------------------------------------------------------------------------------------------------------------------------------------------------|
| 1,0000000000e+00 | 1,0000000000e+05 | 2,4512239951e+06 | 5,5000000000e+01 | 1,3481731973e+08 | 0,0000000000e+00 |0,0000000000e+00 |0,0000000000e+00 |0,0000000000e+00 | 
|---------------------------------------------------------------------------------------------------------------------------------------------------------------------------|
| 1,0000000000e+00 | 1,0000000000e+06 | 2,4512955568e+07 | 5,5000000000e+01 | 1,3482125562e+09 | 0,0000000000e+00 |0,0000000000e+00 |0,0000000000e+00 |0,0000000000e+00 | 
|---------------------------------------------------------------------------------------------------------------------------------------------------------------------------|
| 1,0000000000e+00 | 1,0000000000e+07 | 2,4513027130e+08 | 5,5000000000e+01 | 1,3482164921e+10 | 0,0000000000e+00 |0,0000000000e+00 |0,0000000000e+00 |0,0000000000e+00 | 
|---------------------------------------------------------------------------------------------------------------------------------------------------------------------------|
| 1,0000000000e+00 | 1,0000000000e+08 | 2,4513034286e+09 | 5,5000000000e+01 | 1,3482168857e+11 | 0,0000000000e+00 |0,0000000000e+00 |0,0000000000e+00 |0,0000000000e+00 | 
|---------------------------------------------------------------------------------------------------------------------------------------------------------------------------|
| 1,0000000000e+00 | 1,0000000000e+09 | 2,4513035002e+10 | 5,5000000000e+01 | 1,3482169251e+12 | 0,0000000000e+00 |0,0000000000e+00 |0,0000000000e+00 |0,0000000000e+00 | 
|---------------------------------------------------------------------------------------------------------------------------------------------------------------------------|
| 1,0000000000e+00 | 1,0000000000e+10 | 2,4513035073e+11 | 5,5000000000e+01 | 1,3482169290e+13 | 0,0000000000e+00 |0,0000000000e+00 |0,0000000000e+00 |0,0000000000e+00 | 
|---------------------------------------------------------------------------------------------------------------------------------------------------------------------------|
| 1,0000000000e+00 | 1,0000000000e+11 | 2,4513035080e+12 | 5,5000000000e+01 | 1,3482169294e+14 | 0,0000000000e+00 |0,0000000000e+00 |0,0000000000e+00 |0,0000000000e+00 | 
|---------------------------------------------------------------------------------------------------------------------------------------------------------------------------|
| 1,0000000000e+00 | 1,0000000000e+12 | 2,4513035081e+13 | 5,5000000000e+01 | 1,3482169295e+15 | 0,0000000000e+00 |0,0000000000e+00 |0,0000000000e+00 |0,0000000000e+00 | 
|---------------------------------------------------------------------------------------------------------------------------------------------------------------------------|
| 1,0000000000e+00 | 1,0000000000e+13 | 2,4513035081e+14 | 5,5000000000e+01 | 1,3482169295e+16 | 0,0000000000e+00 |0,0000000000e+00 |0,0000000000e+00 |0,0000000000e+00 | 
|---------------------------------------------------------------------------------------------------------------------------------------------------------------------------|
| 1,0000000000e+00 | 1,0000000000e+14 | 2,4513035081e+15 | 5,5000000000e+01 | 1,3482169295e+17 | 0,0000000000e+00 |0,0000000000e+00 |0,0000000000e+00 |0,0000000000e+00 | 
|---------------------------------------------------------------------------------------------------------------------------------------------------------------------------|
| 1,0000000000e+00 | 1,0000000000e+15 | 2,4513035081e+16 | 5,5000000000e+01 | 1,3482169295e+18 | 0,0000000000e+00 |0,0000000000e+00 |0,0000000000e+00 |0,0000000000e+00 | 
|---------------------------------------------------------------------------------------------------------------------------------------------------------------------------|
| 1,0000000000e+00 | 1,0000000000e+16 | 2,4513035081e+17 | 5,5000000000e+01 | 1,3482169295e+19 | 0,0000000000e+00 |0,0000000000e+00 |0,0000000000e+00 |0,0000000000e+00 | 
|---------------------------------------------------------------------------------------------------------------------------------------------------------------------------||---------------------------------------------------------------------------------------------------------------------------------------------------------------------------|
|      alpha       |      betta       |      ||A||       |    ||A^(-1)||    |      obusl       |      ||z||        |       ksi        |      ||r||       |        p         | |---------------------------------------------------------------------------------------------------------------------------------------------------------------------------|
| 1,0000000000e+00 | 1,0000000000e+01 | 1,8762316275e+02 | 5,5000000000e+01 | 1,0319273951e+04 | 0,0000000000e+00 |0,0000000000e+00 |0,0000000000e+00 |0,0000000000e+00 | 
|---------------------------------------------------------------------------------------------------------------------------------------------------------------------------|
| 1,0000000000e+00 | 1,0000000000e+02 | 2,3717904730e+03 | 5,5000000000e+01 | 1,3044847602e+05 | 0,0000000000e+00 |0,0000000000e+00 |0,0000000000e+00 |0,0000000000e+00 | 
|---------------------------------------------------------------------------------------------------------------------------------------------------------------------------|
| 1,0000000000e+00 | 1,0000000000e+03 | 2,4433522046e+04 | 5,5000000000e+01 | 1,3438437125e+06 | 0,0000000000e+00 |0,0000000000e+00 |0,0000000000e+00 |0,0000000000e+00 | 
|---------------------------------------------------------------------------------------------------------------------------------------------------------------------------|
| 1,0000000000e+00 | 1,0000000000e+04 | 2,4505083778e+05 | 5,5000000000e+01 | 1,3477796078e+07 | 0,0000000000e+00 |0,0000000000e+00 |0,0000000000e+00 |0,0000000000e+00 | 
|---------------------------------------------------------------------------------------------------------------------------------------------------------------------------|
| 1,0000000000e+00 | 1,0000000000e+05 | 2,4512239951e+06 | 5,5000000000e+01 | 1,3481731973e+08 | 0,0000000000e+00 |0,0000000000e+00 |0,0000000000e+00 |0,0000000000e+00 | 
|---------------------------------------------------------------------------------------------------------------------------------------------------------------------------|
| 1,0000000000e+00 | 1,0000000000e+06 | 2,4512955568e+07 | 5,5000000000e+01 | 1,3482125562e+09 | 0,0000000000e+00 |0,0000000000e+00 |0,0000000000e+00 |0,0000000000e+00 | 
|---------------------------------------------------------------------------------------------------------------------------------------------------------------------------|
| 1,0000000000e+00 | 1,0000000000e+07 | 2,4513027130e+08 | 5,5000000000e+01 | 1,3482164921e+10 | 0,0000000000e+00 |0,0000000000e+00 |0,0000000000e+00 |0,0000000000e+00 | 
|---------------------------------------------------------------------------------------------------------------------------------------------------------------------------|
| 1,0000000000e+00 | 1,0000000000e+08 | 2,4513034286e+09 | 5,5000000000e+01 | 1,3482168857e+11 | 0,0000000000e+00 |0,0000000000e+00 |0,0000000000e+00 |0,0000000000e+00 | 
|---------------------------------------------------------------------------------------------------------------------------------------------------------------------------|
| 1,0000000000e+00 | 1,0000000000e+09 | 2,4513035002e+10 | 5,5000000000e+01 | 1,3482169251e+12 | 0,0000000000e+00 |0,0000000000e+00 |0,0000000000e+00 |0,0000000000e+00 | 
|---------------------------------------------------------------------------------------------------------------------------------------------------------------------------|
| 1,0000000000e+00 | 1,0000000000e+10 | 2,4513035073e+11 | 5,5000000000e+01 | 1,3482169290e+13 | 0,0000000000e+00 |0,0000000000e+00 |0,0000000000e+00 |0,0000000000e+00 | 
|---------------------------------------------------------------------------------------------------------------------------------------------------------------------------|
| 1,0000000000e+00 | 1,0000000000e+11 | 2,4513035080e+12 | 5,5000000000e+01 | 1,3482169294e+14 | 0,0000000000e+00 |0,0000000000e+00 |0,0000000000e+00 |0,0000000000e+00 | 
|---------------------------------------------------------------------------------------------------------------------------------------------------------------------------|
| 1,0000000000e+00 | 1,0000000000e+12 | 2,4513035081e+13 | 5,5000000000e+01 | 1,3482169295e+15 | 0,0000000000e+00 |0,0000000000e+00 |0,0000000000e+00 |0,0000000000e+00 | 
|---------------------------------------------------------------------------------------------------------------------------------------------------------------------------|
| 1,0000000000e+00 | 1,0000000000e+13 | 2,4513035081e+14 | 5,5000000000e+01 | 1,3482169295e+16 | 0,0000000000e+00 |0,0000000000e+00 |0,0000000000e+00 |0,0000000000e+00 | 
|---------------------------------------------------------------------------------------------------------------------------------------------------------------------------|
| 1,0000000000e+00 | 1,0000000000e+14 | 2,4513035081e+15 | 5,5000000000e+01 | 1,3482169295e+17 | 0,0000000000e+00 |0,0000000000e+00 |0,0000000000e+00 |0,0000000000e+00 | 
|---------------------------------------------------------------------------------------------------------------------------------------------------------------------------|
| 1,0000000000e+00 | 1,0000000000e+15 | 2,4513035081e+16 | 5,5000000000e+01 | 1,3482169295e+18 | 0,0000000000e+00 |0,0000000000e+00 |0,0000000000e+00 |0,0000000000e+00 | 
|---------------------------------------------------------------------------------------------------------------------------------------------------------------------------|
| 1,0000000000e+00 | 1,0000000000e+16 | 2,4513035081e+17 | 5,5000000000e+01 | 1,3482169295e+19 | 0,0000000000e+00 |0,0000000000e+00 |0,0000000000e+00 |0,0000000000e+00 | 
|---------------------------------------------------------------------------------------------------------------------------------------------------------------------------|
| 1,0000000000e+00 | 1,0000000000e+17 | 2,4513035081e+18 | 5,5000000000e+01 | 1,3482169295e+20 | 0,0000000000e+00 |0,0000000000e+00 |0,0000000000e+00 |0,0000000000e+00 | 
|---------------------------------------------------------------------------------------------------------------------------------------------------------------------------|